88033.828125
80540.320312
86364.351562
92070.039062
90451.234375
86451.835938
91479.960938
87735.710938
102216.171875
98085.218750
87905.984375
91380.804688
91608.828125
96528.281250
86187.671875
91154.445312
92016.085938
83195.820312
94080.023438
91787.656250
97849.085938
86991.992188
90966.140625
90945.054688
89313.445312
89316.226562
84584.007812
89394.054688
93273.968750
86526.445312
91653.382812
90910.234375
92077.234375
99550.445312
87471.898438
90597.031250
89633.968750
88798.679688
93664.531250
88193.218750
88178.046875
83783.054688
91827.718750
93384.132812
79210.937500
83340.382812
81741.078125
87047.289062
89112.257812
93271.132812
88470.195312
97637.359375
92412.304688
88514.406250
91061.710938
85281.750000
85229.585938
90097.015625
79358.726562
89316.421875
88562.742188
90307.640625
90218.828125
82350.023438
86717.718750
90949.593750
85898.304688
91414.796875
94411.218750
93224.710938
91449.265625
95592.125000
94535.898438
89228.453125
100258.250000
90661.414062
92577.078125
91164.914062
86311.851562
89359.421875
96886.242188
83898.945312
88019.132812
91000.671875
88903.835938
94755.007812
87671.671875
97030.312500
89493.601562
89637.351562
84208.796875
89609.960938
91321.046875
78470.601562
85280.835938
93856.343750
88530.648438
85060.070312
88686.468750
90128.289062
88486.875000
90614.179688
88387.968750
91823.796875
89048.281250
88599.812500
81542.835938
91217.750000
91998.109375
88790.796875
89201.632812
85438.859375
88340.812500
93242.585938
92451.289062
90405.304688
91305.039062
92805.500000
88605.210938
88839.125000
88542.406250
96562.742188
93819.625000
90698.195312
86630.335938
92856.796875
91832.429688
85231.890625
88200.546875
93318.140625
89811.234375
91837.390625
93072.625000
83389.359375
95291.617188
94553.796875
91304.015625
84781.960938
89631.781250
87582.875000
90595.625000
96926.734375
85732.062500
91451.007812
93693.125000
88119.320312
90513.648438
95726.414062
92225.914062
86509.257812
83590.171875
86702.914062
89331.921875
86171.343750
94123.109375
90328.554688
86965.726562
89223.195312
91354.687500
85329.718750
89756.585938
90183.562500
94937.773438
95426.640625
95184.421875
91477.085938
88583.937500
91783.460938
91618.023438
90045.085938
85795.906250
92789.609375
97972.843750
88298.695312
85542.804688
89457.085938
93527.867188
94213.789062
89226.257812
86095.046875
92572.195312
86583.171875
89588.187500
93582.507812
94634.218750
88622.531250
84098.125000
88700.890625
93422.617188
91795.195312
96994.664062
94405.429688
94097.015625
91527.273438
94494.484375
88095.273438
90798.890625
84634.070312
89234.585938
90878.929688
0.036462
0.000369
0.000287
